entrada1,010000000000,101000000000,010000000000,000010000000,000101000000,000010000000,000000000000,000000001000,000000010100,000000001010,000000000101,000000000010
entrada2,000000000000,001101000000,010011000000,010011000000,001101000000,011110000000,000000000000,000000001000,000000010111,000000001000,000000001000,000000001000
entrada3,011100000000000000000000,101100000000000000000000,110100000000000000000000,111000000000000000000000,000001100000000000000000,000010100000000000000000,000011000000000000000000,000000001000000000000000,000000010000000000000000,000000000011000000000000,000000000101000000000000,000000000110100000000000,000000000001000000000000,000000000000001111000000,000000000000010000000000,000000000000010000000000,000000000000010000000000,000000000000010000000000,000000000000000000011001,000000000000000000101000,000000000000000000110100,000000000000000000001011,000000000000000000000101,000000000000000000100110
entrada4,01000000000000000000,10110000000000000000,01000000000000000000,01000000000000000000,00000111000000000000,00001010000000000000,00001101000000000000,00001010000000000000,00000000000000000000,00000000001110000000,00000000010110000000,00000000011010000000,00000000011100000000,00000000000000100011,00000000000001011000,00000000000000101001,00000000000000110111,00000000000000001011,00000000000001001100,00000000000001011100
teste,010,101,010
um vertice,0
a,0101,1001,0001,1110
meio,01,10
teste2,011,101,110
k4,0111,1011,1101,1110
teste3,0
t4,0
testecol,0111,1010,1101,1010
teste4,011000000,101000000,110000000,000010000,000101000,000010110,000001011,000001100,000000100
teste5,010001,101000,010100,001010,000101,100010
